30.257854
32.216526
33.765495
31.754719
37.413284
33.625336
38.146442
35.501343
37.923622
37.63431
35.33962
30.622637
36.946075
36.752018
34.367474
31.494156
36.579514
35.59838
37.882286
37.49415
35.636112
35.716972
35.828384
33.555256
37.034134
32.417786
38.72146
36.39083
37.616337
37.725956
31.80682
31.927221
33.733147
36.099724
37.65228
31.256956
33.104218
36.971233
36.419586
36.672955
32.550755
36.784363
33.855343
36.162624
34.628033
33.154533
32.66396
31.815811
38.85443
37.609165
36.401615
34.708893
32.72506
32.858032
32.43396
37.905647
35.986523
37.1761
35.58401
35.80144
33.43845
33.172504
37.377357
31.494156
35.45822
33.646893
37.325237
38.11949
36.75921
37.495945
39.131157
38.380047
33.75471
34.65139
39.15273
37.267727
32.04582
32.674747
38.18957
36.013474
34.18957
38.044014
34.15004
37.341415
36.60466
31.821201
33.050312
33.636112
37.729546
36.072773
32.7628
37.704388
32.74303
34.735847
36.229107
38.83647
34.063786
37.45642
37.192265
36.933502
37.970337
34.502243
36.245274
32.734047
37.071877
36.874207
35.04133
35.023354
34.654984
37.752922
31.779871
36.324345
37.952366
37.760094
33.670258
37.04132
31.22641
30.701702
32.230904
35.287506
35.61276
30.832878
31.610954
31.885887
35.422276
31.911045
37.053905
31.639708
37.9919
32.187775
32.160816
36.185986
38.182377
33.159927
37.109604
39.659473
36.8239
38.05659
33.54806
35.75292
31.438446
36.642403
35.474384
32.511227
33.233593
33.99011
38.19136
35.0575
36.24168
30.390833
31.24078
36.30638
37.310863
34.119484
37.920033
32.913746
36.26504
36.315357
32.43755
33.964954
31.968548
34.32075
37.765488
32.435753
39.18148
37.99729
36.54537
38.619034
32.123085
37.12039
38.03503
38.290203
42.805927
42.02425
41.618145
39.458214
42.052998
47.161716
51.596577
66.823906
68.49684
62.128483
69.47798
64.63162
63.794254
66.035034
71.591194
69.58041
64.73945
66.20214
65.461815
69.19767
66.3064
72.414215
71.04673
72.59032
70.7754
70.39442
67.05031
72.827484
69.39352
70.83468
70.3459
68.70171
66.773575
65.97573
69.12759
67.65589
69.9506
68.48249
70.4663
69.61815
72.295616
72.42138
62.8868
70.07277
70.75741
68.74124
61.916435
66.48068
72.164406
62.4124
72.08176
73.6415
65.96315
69.45464
70.01526
65.90744
69.456436
68.71607
74.87242
70.74304
60.62623
73.26056
72.90118
68.881386
67.733154
68.18419
69.47799
72.38185
64.053
66.83109
72.51481
72.674774
66.338745
69.582214
68.56154
71.7062
70.398026
67.75292
68.73045
70.40522
70.75741
71.672066
64.34592
67.905655
67.70441
66.97482
72.57591
58.451935
71.52651
70.8239
66.25067
71.436646
70.31716
68.86343
64.338715
70.214745
71.668465
74.25967
67.986534
71.48696
64.31535
71.29109
71.49776
68.265045
72.09433
69.57143
70.92272
62.71068
68.55976
70.83286
69.4151
69.7637
68.80414
71.91825
67.6433
67.921844
72.70351
68.910164
70.11591
66.509445
69.28571
66.85265
64.36029
70.681946
59.31625
65.134766
64.50404
69.94701
57.513924
67.52112
69.842766
71.51033
70.93712
68.897575
74.953285
69.40251
68.52742
72.49684
65.271324
70.62803
71.44025
67.41689
67.10961
68.60107
77.217415
71.98114
71.59299
71.60737
69.02873
69.24081
69.06828
66.482475
69.99552
61.01797
71.99193
66.335144
62.732243
71.478
70.940704
68.0009
66.71429
70.1896
66.062
71.07548
72.39982
74.85986
77.29291
70.50045
69.10962
70.036835
71.89845
69.68463
66.085365
71.57863
69.90386
69.61814
73.48697
73.63072
70.72866
68.74844
71.58041
68.024254
70.46271
72.964066
71.97394
65.98113
68.25068
74.060196
67.30908
71.57143
74.396225
68.51843
60.64959
68.96406
66.67655
63.982925
73.86973
72.00089
71.13477
69.95958
59.70979
73.14377
64.72687
71.05031
69.81041
68.56333
70.15184
69.90746
70.98024
64.91913
69.61635
72.14465
68.05661
67.995514
71.48876
70.78616
74.21654
70.876015
70.49147
63.781685
70.354904
74.762794
71.09164
71.10604
70.44295
72.21472
73.36118
68.62444
64.11231
71.61276
67.100624
66.34951
71.603775
74.30277
70.53099
73.106
69.76549
74.55975
63.790653
67.840965
71.98112
69.34681
69.887695
73.3576
74.85444
69.38634
61.271328
65.909256
72.27403
67.889496
71.01077
68.60647
76.57232
70.96048
70.248886
67.49058
67.51392
60.090736
63.418686
70.99999
73.454636
64.10153
70.16621
67.51212
69.9344
74.44294
71.14915
67.23899
67.690025
68.42857
71.70261
69.697205
69.97036
72.468094
70.25607
61.436653
70.635216
68.11232
69.785255
71.530106
74.825714
64.96046
68.054825
68.20935
73.31626
71.884094
63.736744
72.36567
65.55166
71.51571
71.65407
70.87963
65.48337
70.365685
68.61724
68.72148
67.37375
71.78706
60.123085
65.74215
65.96856
65.86793
71.5175
69.89846
67.44383
60.96406
75.091644
70.71249
68.47709
71.80323
68.19498
70.8958
66.68913
71.86612
71.05212
67.81941
69.12759
66.80592
70.80233
62.766396
72.42677
62.868824
65.44024
69.25338
67.56964
70.20933
68.69633
