1 28.39622
2 41.32884
3 40.022457
4 39.887688
5 41.610954
6 39.460022
7 39.731354
8 41.81042
9 41.982925
10 42.011677
11 41.49236
12 39.195866
13 39.023365
14 41.601967
15 42.00807
16 35.954174
17 42.63701
18 41.74753
19 41.17789
20 41.702606
21 40.146446
22 39.63792
23 42.904762
24 40.407005
25 41.230003
26 41.15454
27 35.49236
28 40.98562
29 39.76909
30 39.404316
31 40.295605
32 42.49865
33 42.169807
34 42.376465
35 42.462708
36 41.731342
37 42.557953
38 41.60736
39 41.961365
40 42.507637
41 42.275833
42 42.070976
43 36.151848
44 40.687336
45 42.03324
46 41.95417
47 41.85174
48 40.561546
49 41.720573
50 41.19586
51 39.36838
52 41.663067
53 42.02605
54 39.023365
55 39.981133
56 38.703506
57 41.213837
58 38.728657
59 40.849056
60 41.201256
61 41.159927
62 38.60647
63 41.42227
64 40.28302
65 42.268635
66 40.01168
67 41.483376
68 39.706203
69 39.67026
70 41.83018
71 39.903862
72 41.37376
73 39.73675
74 40.8221
75 39.386345
76 41.355797
77 41.92722
78 40.17161
79 41.129375
80 39.154537
81 39.34142
82 41.325245
83 40.32435
84 41.682835
85 41.136562
86 40.044025
87 39.812218
88 41.938004
89 41.62354
90 40.20575
91 38.962265
92 41.33962
93 40.07098
94 41.87152
95 38.757416
96 38.870625
97 41.424076
98 41.307278
99 41.258747
100 42.20395
101 41.760105
102 41.724163
103 39.74753
104 39.61994
105 39.070087
106 39.697216
107 40.622643
108 41.062885
109 41.37196
110 41.104218
111 39.388145
112 40.067398
113 39.2947
114 41.50853
115 39.600185
116 40.05661
117 40.84007
118 42.30278
119 41.206646
120 41.301884
121 39.11141
122 39.866127
123 40.97484
124 39.172504
125 41.034138
126 39.68105
127 41.359383
128 39.769096
129 41.49236
130 41.158123
131 40.872417
132 39.23899
133 39.636124
134 41.56065
135 40.66217
136 41.650494
137 41.095238
138 39.713387
139 40.95507
140 39.848152
141 39.66846
142 41.29829
143 41.677444
144 40.805927
145 39.12039
146 41.546272
147 38.96227
148 41.253365
149 39.61994
150 40.349514
151 39.325245
152 42.39982
153 40.604675
154 41.18508
155 41.61275
156 40.194973
157 39.39353
158 39.61636
159 41.434864
160 42.971245
161 39.745735
162 41.287506
163 42.890385
164 40.658585
165 42.68194
166 40.766384
167 42.75921
168 39.898476
169 42.054802
170 41.810417
171 41.436657
172 41.327034
173 39.31806
174 42.11051
175 41.695408
176 34.620842
177 42.302776
178 42.00269
179 41.032337
180 41.348606
181 42.15363
182 41.830185
183 39.65229
184 39.954185
185 39.143757
186 40.974834
187 41.497753
188 39.61455
189 41.81042
190 39.591198
191 40.543568
192 41.33962
193 41.1186
194 39.497757
195 40.002705
196 41.442047
197 40.432167
198 39.420494
199 39.262356
200 41.46181
201 39.431267
202 40.870613
203 41.999096
204 41.429466
205 39.56963
206 41.42049
207 40.701706
208 39.812225
209 39.082657
210 41.530094
211 41.14556
212 39.264153
213 38.71968
214 41.871517
215 43.15454
216 44.159023
217 43.230007
218 43.729553
219 36.899372
220 41.731354
221 42.813114
222 42.86523
223 43.58041
224 43.774483
225 41.190475
226 41.636127
227 36.926327
228 36.897568
229 43.377354
230 43.488766
231 41.017975
232 44.105114
233 43.77089
234 42.91195
235 42.23451
236 38.30638
237 44.00988
238 43.206646
239 43.812218
240 43.790646
241 45.136555
242 43.630722
243 43.691822
244 43.077263
245 43.889484
246 43.33422
247 38.687325
248 44.074577
249 43.584003
250 44.459118
251 44.00449
252 45.080864
253 44.09433
254 40.689117
255 42.435753
256 43.76549
257 42.59209
258 44.4717
259 44.511227
260 44.076366
261 43.490562
262 43.673847
263 43.867924
264 43.950577
265 43.418686
266 44.4088
267 55.600193
268 59.905666
269 53.443848
270 56.651394
271 57.016174
272 60.482494
273 59.230003
274 58.329742
275 58.78796
276 63.564247
277 56.124874
278 63.34502
279 55.407906
280 56.32615
281 60.739456
282 57.109604
283 59.787064
284 64.387245
285 57.946983
286 60.71071
287 72.1806
288 71.921844
289 72.10333
290 74.70348
291 71.219215
292 74.00089
293 72.57953
294 73.34142
295 71.27494
296 72.640625
297 74.40163
298 73.715195
299 72.196754
300 72.94071
301 75.98832
302 72.07099
303 72.37647
304 72.81313
305 74.293816
306 70.31537
307 73.587616
308 70.2309
309 69.6577
310 70.78975
311 73.801445
312 73.5912
313 75.15994
314 73.228226
315 70.85804
316 71.763725
317 75.4079
318 73.33245
319 71.952385
320 75.21744
321 73.470795
322 73.79247
323 71.55527
324 73.357605
325 73.07008
326 71.03056
327 73.13479
328 69.938
329 71.56425
330 73.91286
331 69.33964
332 75.00539
333 70.68733
334 75.77809
335 75.346825
336 73.11323
337 74.214745
338 74.17522
339 73.80324
340 72.54537
341 74.97483
342 70.3531
343 73.0683
344 70.843666
345 70.06378
346 73.876915
347 72.899376
348 72.376465
349 72.21296
350 73.51573
351 72.324356
352 72.02966
353 73.90027
354 70.200356
355 72.110504
356 73.0611
357 76.24886
358 73.01619
359 72.40881
360 75.39534
361 73.25697
362 72.56336
363 72.83828
364 74.17881
365 74.17522
366 72.584915
367 71.959564
368 70.17521
369 71.429474
370 66.471695
371 74.55615
372 74.67476
373 74.88859
374 74.006294
375 71.36118
376 73.09344
377 74.46812
378 74.130295
379 74.60466
380 74.10513
381 71.158134
382 74.9479
383 72.559746
384 73.02694
385 72.19677
386 72.800545
387 74.737656
388 73.29469
389 73.443855
390 68.180595
391 72.92094
392 69.443855
393 75.91285
394 66.20936
395 72.7125
396 72.441154
397 72.20576
398 74.31177
399 71.355804
400 73.07727
401 73.618164
402 72.83109
403 76.015274
404 73.26056
405 71.758316
406 72.942505
407 73.42589
408 72.189575
409 71.71879
410 74.27224
411 74.47889
412 71.36836
413 74.09974
414 73.280334
415 71.56425
416 73.71517
417 69.24618
418 69.474396
419 71.91465
420 73.83199
421 71.11322
422 72.95869
423 70.74125
424 70.98743
425 73.30367
426 70.38366
427 71.440254
428 74.117714
429 71.01439
430 75.09885
431 73.14556
432 74.74841
433 69.35759
434 73.86434
435 72.56695
436 74.75021
437 73.81941
438 72.46811
439 76.86522
440 74.58131
441 76.040436
442 72.36389
443 67.74934
444 73.2426
445 73.1833
446 73.921844
447 75.47081
448 72.21292
449 73.030556
450 74.0656
451 73.34322
452 71.58759
453 69.896675
454 72.96765
455 74.74484
456 74.89219
457 73.87872
458 66.32615
459 72.72328
460 73.84636
461 71.062904
462 73.53371
463 71.778076
464 74.13027
465 73.346825
466 72.26863
467 74.92992
468 63.76909
469 62.004505
470 60.43217
471 62.428577
472 62.033245
473 61.512123
474 61.420498
475 60.859837
476 58.10693
477 58.441147
478 55.24438
479 60.859844
480 64.98024
481 63.954185
482 61.055702
483 61.364788
484 63.98473
485 55.517517
486 58.8275
487 73.08806
488 74.01708
489 74.056625
490 72.69992
491 72.692726
492 73.87513
493 74.56875
494 73.28213
495 73.86254
496 73.42049
497 75.24977
498 71.091644
499 73.519325
500 73.997314
