29.972769
45.133595
46.245163
46.584003
51.19103
51.328987
47.11507
46.228344
48.969013
47.83822
39.734272
58.512726
56.217777
60.0259
56.263775
51.456936
57.64728
52.28563
54.114754
55.49804
57.898815
57.060043
55.133484
53.59681
55.951366
58.26627
56.168297
58.421425
57.099876
59.905987
57.66064
52.975967
56.20752
53.105133
57.456215
59.407665
56.814636
58.629986
58.905952
59.22099
57.023
57.496353
59.60833
56.14802
58.218624
58.720577
55.82936
54.232002
58.515476
60.564835
57.608818
56.793396
57.82006
54.130104
57.16923
54.30619
57.496914
55.93759
58.011013
59.094353
56.485508
55.175797
55.040535
54.317665
53.957317
58.321594
59.02333
57.58448
56.24631
57.81255
59.32207
53.91311
57.139744
55.812283
57.733784
60.372086
56.631252
57.272266
58.98313
59.19682
57.469997
55.512367
56.854034
57.706272
55.503616
57.76235
58.323536
58.900524
55.69467
60.53631
55.47851
57.940544
55.16685
59.270443
53.81598
53.32338
58.90628
55.397682
52.807323
52.72374
58.06376
60.059063
52.682335
54.034504
57.948376
56.50771
56.96941
51.518703
58.83348
56.55238
57.0242
57.413933
55.53929
59.070644
53.724136
59.104008
55.92858
56.9143
54.579964
56.930016
53.713474
51.950863
56.443134
59.364563
56.50471
54.59727
57.06606
59.43326
57.19298
56.59149
55.622604
56.10172
54.4605
57.365005
56.133007
58.148617
55.83092
53.153076
55.775944
56.45292
56.86593
58.311012
51.33217
54.536304
59.991367
59.272785
59.09595
58.321224
56.635715
56.87855
57.286858
58.058514
52.725033
54.611973
55.236923
56.198826
58.0391
56.42363
53.240814
52.53676
55.06452
55.224056
57.53276
53.632217
58.458443
54.55308
56.70514
55.785442
59.280254
50.37359
58.143494
59.652992
57.094254
53.067825
58.35168
56.23608
53.71212
57.018852
55.00455
60.163284
59.431084
53.661835
57.25832
53.213097
57.47286
57.105106
54.651035
58.168194
56.830345
56.2889
53.62025
57.334377
57.68186
57.762978
56.184902
56.806644
58.191956
54.82471
56.173023
58.86211
57.162197
57.185642
57.785694
58.40305
56.300953
57.464
56.410336
56.956734
52.223946
51.70737
56.87027
53.97516
54.98165
56.26965
55.838097
55.339447
55.86928
57.612793
56.255608
56.772923
61.50035
58.808083
59.964897
58.977787
56.789642
55.02147
54.968166
57.45646
54.931946
52.5698
59.41735
56.406143
53.336277
54.790733
46.571915
56.71559
58.709034
59.331387
57.203873
50.853382
58.1887
54.716328
55.937256
57.80802
59.147377
57.095924
52.694427
55.438713
56.142406
58.075527
55.362312
58.06889
58.059933
57.478233
59.798244
52.59564
55.119057
58.540283
59.719196
54.766598
58.037155
58.285892
53.874138
58.005707
57.385204
51.531887
57.31292
58.82366
59.727947
57.772457
58.316895
56.640163
57.466442
57.193584
58.158077
59.311077
53.174923
55.215176
57.65283
58.584248
54.699482
59.938335
56.109196
58.231644
55.73993
58.278706
56.544613
53.829174
52.75633
56.07982
55.025753
56.332703
57.82238
55.647858
56.227695
59.10702
56.576942
58.062412
57.66878
50.385475
54.118027
60.4743
60.283424
55.424583
57.89155
52.543476
56.364662
57.881786
55.421173
56.953968
56.85197
57.10746
56.3807
55.05405
57.582855
57.77379
57.17766
57.189495
56.136208
60.097595
57.60767
57.804996
53.512398
57.878113
58.805817
53.97916
59.305637
55.75872
55.62604
55.594837
57.97749
57.72174
58.07473
53.804607
53.901714
55.523277
55.055065
60.57285
58.186264
57.185276
57.20771
55.818798
56.01738
53.389286
58.57535
56.8633
56.991882
55.262203
51.984123
56.96678
59.838383
63.26496
54.44824
57.279236
55.21755
59.80781
58.779434
58.172592
54.733177
53.253086
58.243805
57.757946
56.501087
57.44353
56.411198
57.023964
52.60678
57.15699
61.82318
58.06485
56.02668
58.596706
58.739063
62.080864
59.605686
54.500107
57.271393
55.818092
57.06097
60.53011
57.486115
52.65217
52.221188
55.957245
58.348682
56.27699
56.85291
59.164337
56.89226
57.41122
60.6645
57.721886
58.55408
57.32549
53.248173
57.81219
55.57533
60.593834
52.532803
60.43158
56.54008
53.342743
57.79959
57.649277
56.666584
61.287926
56.764626
59.33922
51.294243
58.38661
59.259758
56.68404
57.849182
58.138557
58.2181
54.459957
57.512985
59.438126
53.6048
56.250866
57.98054
49.16292
59.119007
57.385082
56.585464
57.892895
55.85592
56.45837
58.778824
55.208492
56.681877
55.092667
56.61284
55.247826
56.988243
57.408024
56.488663
54.35732
57.003548
55.09872
58.13821
55.123238
58.006
56.68694
56.06853
55.72142
57.697304
56.993298
56.421062
55.276752
59.874928
58.94079
53.726784
55.77504
55.58277
56.151886
56.16246
56.351555
57.903004
55.762623
56.238377
60.37549
57.555534
56.655582
53.02645
55.987877
60.486412
60.083187
52.88933
58.371346
56.31652
56.17204
55.097614
55.618645
54.81498
59.640133
55.931236
55.619568
55.064323
58.472103
56.960766
61.57425
58.52617
58.304523
54.501717
60.783913
56.89971
56.80881
58.310516
52.83172
56.359936
55.422028
53.77165
60.542435
55.620087
57.37516
56.624176
55.81706
60.085255
