30.369263
34.93351
42.761
37.377357
40.994606
41.55346
38.44294
42.566936
34.106915
33.821198
40.645996
42.480682
49.988327
51.7637
54.66038
51.18149
47.628937
53.612766
52.77896
49.030544
47.75291
48.516624
52.80414
51.79424
55.29829
47.24079
53.22461
52.51842
50.67296
43.488766
49.04313
53.391735
52.178802
52.620834
56.004486
52.955074
49.61096
51.26236
52.405205
53.722366
52.91374
59.327045
60.793354
68.45192
66.61904
67.9488
64.593895
66.28122
69.89488
65.36298
63.361187
66.77179
64.92811
65.490555
71.957756
55.704388
54.647797
55.65588
59.94159
56.22013
56.265057
53.97754
56.590305
56.714287
54.074574
48.606464
56.789757
55.650497
60.64061
58.417805
54.92092
52.486076
54.84007
59.853546
50.62624
63.172504
56.029655
73.23898
68.354904
65.81401
70.00449
70.71249
70.96586
67.73674
69.21743
71.708
71.21563
78.1806
68.11411
65.88231
67.54807
71.037735
69.19946
67.28751
73.33423
68.248856
75.115
72.849045
72.2399
64.764595
70.2345
69.42409
69.6415
69.43666
64.16621
70.93172
74.884995
71.20665
59.657684
70.38904
71.33063
68.047615
69.51211
64.44295
68.98561
70.70171
69.61633
75.152756
69.33422
70.8257
68.845474
65.74215
69.61634
69.280334
68.185974
69.07009
62.297386
70.63523
73.76191
68.19857
72.81492
68.9371
73.74752
64.062004
71.14916
67.43666
64.00629
69.44206
73.497765
56.353096
63.42228
67.26415
67.884094
71.201256
71.43844
71.14017
72.28481
68.256065
71.34324
71.81222
69.45641
69.9991
69.58041
64.7053
68.80594
66.84547
70.09795
69.23359
71.63611
68.16801
67.75112
68.15904
69.59121
71.07726
67.7727
68.86881
69.285706
70.311775
69.73495
71.239
67.92006
64.10512
70.38185
68.563354
70.56693
66.92993
68.50045
66.26146
67.86434
70.49145
63.76909
67.07906
69.65948
65.425865
70.12668
70.54718
71.90745
69.51752
71.49776
75.6631
69.449234
65.05211
70.16443
68.86883
73.30009
70.44115
65.62355
64.76999
64.45913
71.26056
72.08176
74.04223
72.65678
72.45013
68.84545
66.06022
67.33784
67.68283
71.40432
59.84996
69.95417
72.29739
68.68732
68.10332
70.982025
70.14286
68.843666
62.7107
67.10244
69.24078
74.067375
68.92091
72.36566
73.40611
67.7745
70.31536
72.495056
68.37468
70.15005
71.22461
67.8284
68.62263
69.72596
68.23811
70.16261
66.11051
67.095245
61.849945
68.10691
73.03772
63.763687
71.14195
72.56873
67.07907
68.27225
67.79425
70.06198
70.274025
73.22821
69.28032
69.10244
63.533695
71.51752
68.71968
71.08446
73.14914
69.83198
70.73584
71.19228
68.42857
69.99911
67.37916
66.16441
70.21115
68.2327
67.40609
68.96406
69.59658
69.13476
69.20306
67.239
66.48967
69.621735
72.57054
71.341415
71.62534
69.73314
68.79336
70.24708
67.88951
71.85176
69.18868
75.36478
70.44834
71.49595
68.15725
70.58851
69.51931
70.67475
66.33332
72.00269
64.46631
66.832886
66.11231
68.97484
59.52111
67.37376
71.13118
72.275826
72.34051
69.69362
69.794266
65.26413
67.12579
61.0665
73.15095
75.12937
69.2372
70.49328
71.30187
71.66486
67.975746
66.78436
70.784355
69.745735
70.97664
66.61544
72.57592
68.93891
64.07099
70.919136
71.60377
63.54447
65.39174
69.86974
68.26326
68.34771
68.16622
72.00269
69.826584
69.576836
72.89037
64.4663
70.0027
66.30098
70.86344
69.40071
68.92272
69.01976
70.26863
72.65678
69.73854
68.935326
68.049416
69.30189
72.29739
69.5876
70.18418
72.1788
64.30818
64.79693
66.8221
67.96138
71.27493
68.73047
71.772675
71.23902
67.93081
74.02247
68.850845
68.61905
69.497765
67.90924
68.802345
63.988327
69.79425
71.699005
69.265945
66.32255
65.9434
70.14105
70.62986
70.61186
60.743023
68.21473
70.12848
67.77629
67.089836
67.4115
69.77627
70.03505
73.15636
69.307274
67.18867
69.47979
61.90926
66.820305
72.46093
71.47979
70.72866
67.194084
73.45823
70.62983
74.36568
70.82209
70.626236
72.47349
65.64152
73.49595
72.44474
66.19857
72.19676
66.3477
67.7691
67.38277
69.96857
67.8284
70.73048
65.13117
66.04941
68.32075
66.93531
69.77987
71.71877
72.531006
71.068275
73.26235
68.85805
70.3423
67.6415
70.70713
69.87512
70.689125
70.11771
72.37466
71.273155
71.840965
70.14286
69.0557
70.548965
69.123985
66.11052
70.248886
70.669365
70.68374
70.40881
67.810425
66.74124
71.00897
69.03054
69.894875
71.528305
69.56605
71.929016
71.91105
70.50405
70.32615
69.7044
71.04851
71.416885
65.98832
66.81852
68.56155
66.362076
75.72238
71.264145
66.28123
68.58671
72.327934
69.7026
66.89757
68.7592
68.356705
71.38634
64.86881
71.670265
69.69542
65.1204
72.27405
72.71789
68.3513
70.57232
70.79876
68.13567
73.213844
70.169815
71.1815
66.4771
60.32435
70.48608
68.72866
67.26954
71.57683
71.22462
66.86881
71.25159
67.612755
68.9497
66.8796
72.80233
70.563324
72.40342
73.16172
66.83828
70.84009
74.613655
70.15904
67.3594
71.402504
