31.450882
34.489273
32.75862
33.7366
56.952877
58.493134
55.7249
54.22645
59.363083
52.39227
51.26189
59.11207
56.695072
56.957054
57.087154
55.611336
59.513756
53.860508
55.435658
53.5554
55.922073
53.648506
57.049034
58.226673
51.46533
58.244564
58.31146
57.27142
56.405224
55.3967
56.41047
51.861282
58.317253
56.1738
49.810875
59.419476
55.063145
55.34397
54.21283
56.487328
58.799007
60.37975
57.13145
58.407345
57.173367
55.58408
53.025887
53.100758
60.88538
57.20178
54.452946
52.9505
55.598522
53.629803
57.01422
56.59431
57.941242
54.309597
58.270405
53.81711
56.800537
59.637783
54.16463
58.557537
52.239887
53.717926
58.55995
59.103313
55.056656
55.674854
54.85677
55.6214
57.690125
56.593613
58.316185
48.06244
55.523483
57.650043
59.94869
57.004314
56.512238
58.862965
56.511364
57.52737
52.789715
57.72039
54.457767
57.620422
53.10149
54.8762
58.708656
58.06605
58.30127
55.866116
54.73603
56.60932
59.333763
58.91015
54.621197
56.039047
57.838573
60.202717
55.293785
56.61472
54.52309
57.44301
52.210953
55.094265
59.66983
55.009342
55.500137
54.42243
56.75391
59.632908
55.809814
59.20779
58.71812
57.31147
53.455544
57.789906
59.814297
54.296566
55.326572
56.761677
59.096096
59.050808
55.322845
57.871933
54.260113
50.81401
49.818382
54.59133
54.961563
56.085583
55.00257
57.8869
57.71308
59.950977
58.31449
55.961315
57.627007
55.92198
57.075104
59.6248
57.80571
55.0372
55.710136
56.668293
57.239872
61.31955
53.037685
59.933186
55.22819
58.681248
56.49451
58.864864
58.692444
53.72274
60.455345
59.44933
56.837685
53.828354
58.077442
58.498665
57.963177
51.217903
57.72976
57.15127
55.873974
56.90174
55.045948
59.871544
60.859726
52.672173
59.56374
56.93513
56.95111
56.745632
55.763847
58.500637
56.178154
57.53607
56.670513
56.159092
54.610344
59.290466
57.037464
56.863415
57.18098
53.219643
58.44796
57.17836
57.337616
58.06596
56.30772
57.5938
53.012897
53.601345
55.497334
55.62452
54.12812
58.22217
56.793953
59.500137
57.70093
57.82514
56.470974
56.264275
60.996
56.12505
54.343845
54.44435
55.60503
56.13809
56.22103
54.87861
55.953007
57.99121
57.980698
57.970406
56.246376
54.182426
57.46312
52.14329
61.39247
55.713142
59.847343
55.106716
58.095974
56.232174
56.6022
55.467926
53.75713
57.498756
56.801853
59.057373
52.564068
57.006325
56.25744
56.617256
57.53488
56.347782
57.89926
53.81446
56.602467
54.540234
57.83895
54.00538
54.46052
56.476944
57.62795
50.8694
56.642254
56.94279
60.45565
58.729717
56.866413
58.12566
55.68387
51.217857
56.37264
59.24832
55.26347
57.305626
59.07291
52.85596
57.830837
49.90526
55.733444
52.815834
54.532516
57.595207
57.126213
57.468792
54.619587
56.802685
57.45168
53.3358
52.026794
58.24309
50.56517
58.250484
56.094242
57.029743
55.527767
51.734104
57.27061
51.64727
54.31039
53.279427
54.79476
53.562305
54.77686
57.175957
52.63343
58.292675
58.677597
54.960472
54.576523
53.233147
57.215046
55.02603
57.948334
58.253757
57.114727
53.169914
54.977055
57.16488
55.90514
54.722107
57.190002
56.46404
59.246067
56.52124
59.100296
53.81753
60.136856
57.423332
59.13535
54.234886
53.0872
57.83476
57.68617
57.25655
59.945644
60.86081
59.87789
56.02308
55.698063
55.116035
59.636517
56.715797
58.313786
56.920162
53.585133
58.850163
58.08386
50.750313
53.119022
60.217197
61.854366
60.061737
56.67492
57.349632
57.38094
52.35772
51.403522
59.49598
56.309765
56.845394
54.32021
55.846443
51.84428
59.50575
54.421333
57.350025
51.554302
57.3315
60.15323
58.36625
55.747334
53.71134
56.81243
58.72563
59.27146
53.87629
57.40978
54.78738
57.47336
57.88239
53.94362
60.268864
52.853397
52.795197
52.775436
56.25146
59.62831
62.672882
59.93532
58.391018
60.216618
56.615486
56.69786
58.097515
57.58719
59.41922
58.467857
54.151817
58.933784
52.471245
54.61169
56.263077
54.24206
58.099094
58.92757
54.77647
55.82163
55.264156
56.748337
54.846275
56.131916
56.088573
54.49916
55.27848
59.430824
58.64539
56.969772
57.271214
57.76888
53.23673
56.23542
56.63027
57.97357
56.405556
55.028946
59.38173
56.38579
53.763466
54.880306
55.201035
53.31131
54.820587
54.894115
60.57458
55.007343
52.889317
58.45379
55.588
54.179863
53.762474
61.065887
56.91286
57.40952
57.931908
56.211716
52.234016
54.928646
53.57395
57.127773
59.789215
56.133636
53.714752
56.556866
52.44287
55.550022
56.62856
54.72574
53.69302
57.238567
57.73866
57.461357
57.65156
58.554405
57.479755
58.53708
56.03121
58.989857
55.579117
58.344555
60.81428
57.61188
55.912903
58.711254
62.26217
54.254795
57.259026
56.05352
57.678734
60.44981
57.972927
60.057434
57.692276
52.243347
56.81192
58.684406
58.06064
57.817787
54.13401
56.20522
56.80469
55.88256
59.34626
56.95928
57.064857
58.846962
60.85026
53.61057
57.910355
55.71961
57.60815
55.31341
56.090996
55.414978
53.21657
55.275597
57.31667
59.28595
59.501335
53.5367
