30.28122
39.925426
43.566036
37.95058
41.756508
41.891277
37.763695
39.382744
38.926323
38.964043
38.62264
40.035038
33.2336
38.162624
41.48337
41.0539
41.8787
40.4663
39.85893
37.244377
33.668465
38.21652
33.907455
39.6397
41.73854
34.128468
38.931713
37.778076
38.41779
36.495052
36.95149
38.32795
34.778965
41.36118
39.614544
35.005386
41.34861
39.19946
38.126682
39.18508
40.335117
37.298286
36.044025
40.63162
36.90835
39.177895
34.108723
40.511227
41.411495
40.20395
36.058395
39.04313
40.532787
40.49505
37.86612
36.306377
40.539974
36.092545
37.6451
40.266838
32.985622
39.203056
37.986523
35.546272
34.57592
37.720577
34.257866
36.746628
36.861633
39.407906
35.280327
40.71069
39.824787
35.07188
36.07277
36.40161
40.858036
40.327934
39.693623
41.846363
34.793346
40.407
39.073666
39.582203
40.753803
35.783466
41.8787
39.09164
37.231804
40.653187
40.270428
36.275826
40.53997
41.94879
39.738544
38.604656
42.590294
38.87961
40.173393
39.767292
37.842766
41.44743
40.33872
39.94159
39.801426
36.777184
39.09702
36.81491
39.576813
37.918232
35.982925
37.447437
36.926323
36.372864
35.368378
34.59389
41.287502
40.956867
38.011677
38.02965
39.984715
41.7008
34.766396
39.00539
40.953274
39.03414
38.964066
35.197662
39.8212
41.88051
38.987415
36.0602
39.513924
40.16082
36.84726
34.84187
35.92183
33.04851
34.97484
40.92272
38.26864
41.92902
37.075462
39.767284
42.769993
39.970345
39.67924
39.74214
38.137463
40.809525
39.415085
39.107815
33.09523
37.226406
37.12758
34.227314
40.539978
40.59568
38.556156
40.924515
34.98383
38.906555
40.099728
41.33423
34.169804
40.189568
38.424976
41.821194
39.424076
39.707985
41.285713
40.881393
36.698112
35.747528
39.632526
40.423176
40.130276
35.82659
34.831085
41.289307
40.50224
40.110504
34.72327
37.765495
38.252472
41.39533
38.442955
40.20934
36.229107
41.61455
41.29829
41.21922
40.096138
38.139267
34.105118
36.067383
33.846355
38.525608
38.872406
36.712494
39.318066
41.29829
39.472595
34.040432
41.145546
38.640617
36.944298
39.059303
40.092533
39.395325
40.690918
39.370167
36.078163
36.80593
39.571426
35.140152
38.920937
37.954174
35.941597
41.43306
35.415092
39.55706
41.0575
35.402515
39.575024
40.18957
41.04672
34.06738
41.217422
36.455524
37.673847
40.320747
41.84097
41.16352
41.008972
41.177887
39.999096
39.68643
39.96316
38.64061
35.96496
37.48876
36.081757
37.055706
37.203053
39.0593
41.025154
37.97215
40.367474
32.717876
39.548054
37.26056
38.978436
40.286606
40.04942
35.095234
40.392624
35.94699
41.591194
38.372864
37.702606
40.11769
40.169804
40.178783
35.256958
38.80413
40.07277
33.282124
41.914646
41.01077
33.636116
38.92633
40.112297
38.32794
41.00898
40.35489
36.62982
37.582214
38.899372
38.676544
36.935307
38.130276
41.213837
36.884987
41.79963
39.67745
40.32973
39.760105
37.774483
42.27583
41.977535
38.54178
39.627136
42.16801
38.36208
39.61455
40.37645
41.055706
36.81671
37.43486
39.62354
36.81671
36.59748
40.973038
35.66846
36.998203
38.56873
36.419582
36.459114
41.5858
39.43665
39.63252
40.060196
35.589394
36.39443
40.42857
41.555256
40.43576
41.059288
34.313564
39.539066
40.13747
37.833782
34.261448
40.286606
40.667564
37.282116
40.92452
36.358482
39.34681
40.65678
41.273132
41.355785
40.85984
41.688232
40.701706
42.689125
39.785263
37.557056
43.434856
39.79245
41.21384
37.301888
43.231804
38.32794
41.59659
40.556152
39.914642
41.032352
41.221027
36.97843
41.407898
43.122196
43.404305
37.78706
43.873318
40.20395
41.60557
43.13656
39.77448
37.01617
43.458225
42.000893
42.06559
38.09074
38.460926
38.676544
44.03504
43.321648
41.91285
40.561543
41.675648
38.407
43.19228
43.59299
43.42048
43.63971
44.63342
40.09974
43.54447
37.797844
37.38814
38.690926
41.767303
40.21114
42.561546
42.523815
38.153633
40.93172
41.968567
43.57322
44.08536
41.655888
44.17879
42.426777
40.248882
40.274036
38.459114
45.979332
42.027855
43.359394
41.666664
53.885883
53.652298
50.721478
57.495956
56.363876
53.885895
58.480686
55.231808
54.486057
59.68823
49.10962
50.66218
54.79335
56.105114
52.009895
56.771797
54.843666
51.37376
52.5903
53.519318
47.88949
50.342327
55.285713
51.36119
53.474392
55.007183
51.76191
52.362083
48.775387
67.07187
65.50674
68.180595
69.47798
71.61813
62.31537
71.451035
68.79696
63.350407
63.815823
62.81131
63.59118
71.857155
69.31267
68.42499
72.77
59.167118
58.8221
67.06469
63.350407
64.238106
65.60379
68.1195
70.543564
70.820305
58.464504
69.857124
69.54987
63.593
63.246178
75.5786
69.41689
71.64152
64.13567
64.658585
67.83739
64.2273
64.25067
64.77178
67.149155
67.78526
62.042233
69.393524
66.00269
60.57952
73.111404
74.70351
65.61095
59.364777
68.39442
63.846363
66.21652
67.115005
66.17701
66.13746
66.14647
73.72955
63.81581
64.69273
62.162624
67.73317
66.8167
63.783474
71.17071
68.60286
70.876
68.79695
72.11771
